function dydq_d = dydq_d_gen(in1,in2,th0,thf)
%DYDQ_D_GEN
%    DYDQ_D = DYDQ_D_GEN(IN1,IN2,TH0,THF)

%    This function was generated by the Symbolic Math Toolbox version 8.0.
%    11-Dec-2019 16:46:04

a01 = in2(1);
a02 = in2(2);
a03 = in2(3);
a04 = in2(4);
a11 = in2(5);
a12 = in2(6);
a13 = in2(7);
a14 = in2(8);
a21 = in2(9);
a22 = in2(10);
a23 = in2(11);
a24 = in2(12);
a31 = in2(13);
a32 = in2(14);
a33 = in2(15);
a34 = in2(16);
a41 = in2(17);
a42 = in2(18);
a43 = in2(19);
a44 = in2(20);
a51 = in2(21);
a52 = in2(22);
a53 = in2(23);
a54 = in2(24);
q1 = in1(3,:);
q31 = in1(4,:);
q32 = in1(5,:);
t6 = q32.*(1.0./2.0);
t2 = q1+q31+t6-th0;
t3 = t2.^2;
t4 = th0-thf;
t5 = 1.0./t4.^5;
t7 = t3.^2;
t8 = 1.0./t4;
t11 = t2.*t8;
t9 = t11+1.0;
t10 = t9.^2;
t12 = t10.^2;
t13 = 1.0./t4.^3;
t14 = 1.0./t4.^2;
t15 = 1.0./t4.^4;
t16 = a41.*t5.*t7.*5.0;
t17 = a01.*t8.*t12.*5.0;
t18 = q1.*2.0;
t19 = q31.*2.0;
t25 = th0.*2.0;
t20 = q32+t18+t19-t25;
t21 = a21.*t9.*t10.*t14.*t20.*1.0e1;
t22 = a21.*t3.*t10.*t13.*3.0e1;
t23 = a41.*t2.*t3.*t9.*t15.*2.0e1;
t24 = t16+t17+t21+t22+t23-a11.*t8.*t12.*5.0-a51.*t5.*t7.*5.0-a31.*t3.*t10.*t13.*3.0e1-a11.*t2.*t9.*t10.*t14.*2.0e1-a31.*t2.*t3.*t9.*t15.*2.0e1;
t26 = a42.*t5.*t7.*5.0;
t27 = a02.*t8.*t12.*5.0;
t28 = a22.*t9.*t10.*t14.*t20.*1.0e1;
t29 = a22.*t3.*t10.*t13.*3.0e1;
t30 = a42.*t2.*t3.*t9.*t15.*2.0e1;
t31 = t26+t27+t28+t29+t30-a12.*t8.*t12.*5.0-a52.*t5.*t7.*5.0-a32.*t3.*t10.*t13.*3.0e1-a12.*t2.*t9.*t10.*t14.*2.0e1-a32.*t2.*t3.*t9.*t15.*2.0e1;
t32 = a43.*t5.*t7.*5.0;
t33 = a03.*t8.*t12.*5.0;
t34 = a23.*t9.*t10.*t14.*t20.*1.0e1;
t35 = a23.*t3.*t10.*t13.*3.0e1;
t36 = a43.*t2.*t3.*t9.*t15.*2.0e1;
t37 = t32+t33+t34+t35+t36-a13.*t8.*t12.*5.0-a53.*t5.*t7.*5.0-a33.*t3.*t10.*t13.*3.0e1-a13.*t2.*t9.*t10.*t14.*2.0e1-a33.*t2.*t3.*t9.*t15.*2.0e1;
t38 = a44.*t5.*t7.*5.0;
t39 = a04.*t8.*t12.*5.0;
t40 = a24.*t9.*t10.*t14.*t20.*1.0e1;
t41 = a24.*t3.*t10.*t13.*3.0e1;
t42 = a44.*t2.*t3.*t9.*t15.*2.0e1;
t43 = t38+t39+t40+t41+t42-a14.*t8.*t12.*5.0-a54.*t5.*t7.*5.0-a34.*t3.*t10.*t13.*3.0e1-a14.*t2.*t9.*t10.*t14.*2.0e1-a34.*t2.*t3.*t9.*t15.*2.0e1;
dydq_d = reshape([0.0,0.0,0.0,0.0,0.0,0.0,0.0,0.0,t24,t31,t37,t43,t24,t31,t37,t43,a01.*t8.*t12.*(5.0./2.0)-a11.*t8.*t12.*(5.0./2.0)+a41.*t5.*t7.*(5.0./2.0)-a51.*t5.*t7.*(5.0./2.0)+a21.*t3.*t10.*t13.*1.5e1-a31.*t3.*t10.*t13.*1.5e1-a11.*t2.*t9.*t10.*t14.*1.0e1+a21.*t2.*t9.*t10.*t14.*1.0e1-a31.*t2.*t3.*t9.*t15.*1.0e1+a41.*t2.*t3.*t9.*t15.*1.0e1,a02.*t8.*t12.*(5.0./2.0)-a12.*t8.*t12.*(5.0./2.0)+a42.*t5.*t7.*(5.0./2.0)-a52.*t5.*t7.*(5.0./2.0)+a22.*t3.*t10.*t13.*1.5e1-a32.*t3.*t10.*t13.*1.5e1-a12.*t2.*t9.*t10.*t14.*1.0e1+a22.*t2.*t9.*t10.*t14.*1.0e1-a32.*t2.*t3.*t9.*t15.*1.0e1+a42.*t2.*t3.*t9.*t15.*1.0e1,a03.*t8.*t12.*(5.0./2.0)-a13.*t8.*t12.*(5.0./2.0)+a43.*t5.*t7.*(5.0./2.0)-a53.*t5.*t7.*(5.0./2.0)+a23.*t3.*t10.*t13.*1.5e1-a33.*t3.*t10.*t13.*1.5e1-a13.*t2.*t9.*t10.*t14.*1.0e1+a23.*t2.*t9.*t10.*t14.*1.0e1-a33.*t2.*t3.*t9.*t15.*1.0e1+a43.*t2.*t3.*t9.*t15.*1.0e1,a04.*t8.*t12.*(5.0./2.0)-a14.*t8.*t12.*(5.0./2.0)+a44.*t5.*t7.*(5.0./2.0)-a54.*t5.*t7.*(5.0./2.0)+a24.*t3.*t10.*t13.*1.5e1-a34.*t3.*t10.*t13.*1.5e1-a14.*t2.*t9.*t10.*t14.*1.0e1+a24.*t2.*t9.*t10.*t14.*1.0e1-a34.*t2.*t3.*t9.*t15.*1.0e1+a44.*t2.*t3.*t9.*t15.*1.0e1,0.0,0.0,0.0,0.0,0.0,0.0,0.0,0.0],[4,7]);
