function L2ydq_d = L2ydq_d_gen(obj,in1,in2,in3,th0,thf)
    %L2YDQ_D_GEN
    %    L2YDQ_D = L2YDQ_D_GEN(IN1,IN2,IN3,TH0,THF)

    %    This function was generated by the Symbolic Math Toolbox version 8.0.
    %    11-Dec-2019 16:46:17

    a01 = in3(1);
    a02 = in3(2);
    a03 = in3(3);
    a04 = in3(4);
    a11 = in3(5);
    a12 = in3(6);
    a13 = in3(7);
    a14 = in3(8);
    a21 = in3(9);
    a22 = in3(10);
    a23 = in3(11);
    a24 = in3(12);
    a31 = in3(13);
    a32 = in3(14);
    a33 = in3(15);
    a34 = in3(16);
    a41 = in3(17);
    a42 = in3(18);
    a43 = in3(19);
    a44 = in3(20);
    a51 = in3(21);
    a52 = in3(22);
    a53 = in3(23);
    a54 = in3(24);
    dq1 = in2(3,:);
    dq31 = in2(4,:);
    dq32 = in2(5,:);
    q1 = in1(3,:);
    q31 = in1(4,:);
    q32 = in1(5,:);
    t6 = q32.*(1.0./2.0);
    t2 = q1+q31+t6-th0;
    t3 = t2.^2;
    t4 = th0-thf;
    t5 = 1.0./t4.^5;
    t10 = 1.0./t4;
    t11 = t2.*t10;
    t7 = t11+1.0;
    t8 = t7.^2;
    t9 = 1.0./t4.^2;
    t12 = 1.0./t4.^3;
    t13 = q1.*2.0;
    t14 = q31.*2.0;
    t17 = th0.*2.0;
    t15 = q32+t13+t14-t17;
    t16 = 1.0./t4.^4;
    t18 = a41.*t2.*t3.*t5.*4.0e1;
    t19 = a01.*t7.*t8.*t9.*2.0e1;
    t20 = a21.*t7.*t8.*t9.*2.0e1;
    t21 = a21.*t8.*t12.*t15.*6.0e1;
    t22 = a21.*t3.*t7.*t16.*6.0e1;
    t23 = a41.*t3.*t7.*t16.*6.0e1;
    t24 = a41.*t2.*t3.*t5.*2.0e1;
    t25 = a01.*t7.*t8.*t9.*1.0e1;
    t26 = a21.*t7.*t8.*t9.*1.0e1;
    t27 = a21.*t8.*t12.*t15.*1.5e1;
    t28 = a21.*t2.*t8.*t12.*3.0e1;
    t29 = a21.*t3.*t7.*t16.*3.0e1;
    t30 = a41.*t3.*t7.*t16.*3.0e1;
    t40 = a31.*t2.*t3.*t5.*1.0e1;
    t41 = a51.*t2.*t3.*t5.*1.0e1;
    t42 = a11.*t7.*t8.*t9.*2.0e1;
    t43 = a11.*t2.*t8.*t12.*3.0e1;
    t44 = a31.*t3.*t7.*t16.*6.0e1;
    t31 = t24+t25+t26+t27+t28+t29+t30-t40-t41-t42-t43-t44-a31.*t8.*t12.*t15.*1.5e1;
    t32 = dq32.*t31;
    t34 = a31.*t2.*t3.*t5.*2.0e1;
    t35 = a51.*t2.*t3.*t5.*2.0e1;
    t36 = a11.*t7.*t8.*t9.*4.0e1;
    t37 = a31.*t8.*t12.*t15.*3.0e1;
    t38 = a11.*t2.*t8.*t12.*6.0e1;
    t39 = a31.*t3.*t7.*t16.*1.2e2;
    t33 = dq1.*(t18+t19+t20+t21+t22+t23-t34-t35-t36-t37-t38-t39);
    t45 = t24+t25+t26+t27+t28+t29+t30-t40-t41-t42-t43-t44-a31.*t2.*t8.*t12.*3.0e1;
    t46 = t3.^2;
    t47 = t8.^2;
    t48 = a41.*t5.*t46.*5.0;
    t49 = a01.*t10.*t47.*5.0;
    t50 = a21.*t7.*t8.*t9.*t15.*1.0e1;
    t51 = a21.*t3.*t8.*t12.*3.0e1;
    t52 = a41.*t2.*t3.*t7.*t16.*2.0e1;
    t53 = t48+t49+t50+t51+t52-a11.*t10.*t47.*5.0-a51.*t5.*t46.*5.0-a31.*t3.*t8.*t12.*3.0e1-a11.*t2.*t7.*t8.*t9.*2.0e1-a31.*t2.*t3.*t7.*t16.*2.0e1;
    t54 = a42.*t2.*t3.*t5.*4.0e1;
    t55 = a02.*t7.*t8.*t9.*2.0e1;
    t56 = a22.*t7.*t8.*t9.*2.0e1;
    t57 = a22.*t8.*t12.*t15.*6.0e1;
    t58 = a22.*t3.*t7.*t16.*6.0e1;
    t59 = a42.*t3.*t7.*t16.*6.0e1;
    t60 = a42.*t2.*t3.*t5.*2.0e1;
    t61 = a02.*t7.*t8.*t9.*1.0e1;
    t62 = a22.*t7.*t8.*t9.*1.0e1;
    t63 = a22.*t8.*t12.*t15.*1.5e1;
    t64 = a22.*t2.*t8.*t12.*3.0e1;
    t65 = a22.*t3.*t7.*t16.*3.0e1;
    t66 = a42.*t3.*t7.*t16.*3.0e1;
    t76 = a32.*t2.*t3.*t5.*1.0e1;
    t77 = a52.*t2.*t3.*t5.*1.0e1;
    t78 = a12.*t7.*t8.*t9.*2.0e1;
    t79 = a12.*t2.*t8.*t12.*3.0e1;
    t80 = a32.*t3.*t7.*t16.*6.0e1;
    t67 = t60+t61+t62+t63+t64+t65+t66-t76-t77-t78-t79-t80-a32.*t8.*t12.*t15.*1.5e1;
    t68 = dq32.*t67;
    t70 = a32.*t2.*t3.*t5.*2.0e1;
    t71 = a52.*t2.*t3.*t5.*2.0e1;
    t72 = a12.*t7.*t8.*t9.*4.0e1;
    t73 = a32.*t8.*t12.*t15.*3.0e1;
    t74 = a12.*t2.*t8.*t12.*6.0e1;
    t75 = a32.*t3.*t7.*t16.*1.2e2;
    t69 = dq1.*(t54+t55+t56+t57+t58+t59-t70-t71-t72-t73-t74-t75);
    t81 = t60+t61+t62+t63+t64+t65+t66-t76-t77-t78-t79-t80-a32.*t2.*t8.*t12.*3.0e1;
    t82 = a42.*t5.*t46.*5.0;
    t83 = a02.*t10.*t47.*5.0;
    t84 = a22.*t7.*t8.*t9.*t15.*1.0e1;
    t85 = a22.*t3.*t8.*t12.*3.0e1;
    t86 = a42.*t2.*t3.*t7.*t16.*2.0e1;
    t87 = t82+t83+t84+t85+t86-a12.*t10.*t47.*5.0-a52.*t5.*t46.*5.0-a32.*t3.*t8.*t12.*3.0e1-a12.*t2.*t7.*t8.*t9.*2.0e1-a32.*t2.*t3.*t7.*t16.*2.0e1;
    t88 = a43.*t2.*t3.*t5.*4.0e1;
    t89 = a03.*t7.*t8.*t9.*2.0e1;
    t90 = a23.*t7.*t8.*t9.*2.0e1;
    t91 = a23.*t8.*t12.*t15.*6.0e1;
    t92 = a23.*t3.*t7.*t16.*6.0e1;
    t93 = a43.*t3.*t7.*t16.*6.0e1;
    t94 = a43.*t2.*t3.*t5.*2.0e1;
    t95 = a03.*t7.*t8.*t9.*1.0e1;
    t96 = a23.*t7.*t8.*t9.*1.0e1;
    t97 = a23.*t8.*t12.*t15.*1.5e1;
    t98 = a23.*t2.*t8.*t12.*3.0e1;
    t99 = a23.*t3.*t7.*t16.*3.0e1;
    t100 = a43.*t3.*t7.*t16.*3.0e1;
    t110 = a33.*t2.*t3.*t5.*1.0e1;
    t111 = a53.*t2.*t3.*t5.*1.0e1;
    t112 = a13.*t7.*t8.*t9.*2.0e1;
    t113 = a13.*t2.*t8.*t12.*3.0e1;
    t114 = a33.*t3.*t7.*t16.*6.0e1;
    t101 = t94+t95+t96+t97+t98+t99+t100-t110-t111-t112-t113-t114-a33.*t8.*t12.*t15.*1.5e1;
    t102 = dq32.*t101;
    t104 = a33.*t2.*t3.*t5.*2.0e1;
    t105 = a53.*t2.*t3.*t5.*2.0e1;
    t106 = a13.*t7.*t8.*t9.*4.0e1;
    t107 = a33.*t8.*t12.*t15.*3.0e1;
    t108 = a13.*t2.*t8.*t12.*6.0e1;
    t109 = a33.*t3.*t7.*t16.*1.2e2;
    t103 = dq1.*(t88+t89+t90+t91+t92+t93-t104-t105-t106-t107-t108-t109);
    t115 = t94+t95+t96+t97+t98+t99+t100-t110-t111-t112-t113-t114-a33.*t2.*t8.*t12.*3.0e1;
    t116 = a43.*t5.*t46.*5.0;
    t117 = a03.*t10.*t47.*5.0;
    t118 = a23.*t7.*t8.*t9.*t15.*1.0e1;
    t119 = a23.*t3.*t8.*t12.*3.0e1;
    t120 = a43.*t2.*t3.*t7.*t16.*2.0e1;
    t121 = t116+t117+t118+t119+t120-a13.*t10.*t47.*5.0-a53.*t5.*t46.*5.0-a33.*t3.*t8.*t12.*3.0e1-a13.*t2.*t7.*t8.*t9.*2.0e1-a33.*t2.*t3.*t7.*t16.*2.0e1;
    t122 = a44.*t2.*t3.*t5.*4.0e1;
    t123 = a04.*t7.*t8.*t9.*2.0e1;
    t124 = a24.*t7.*t8.*t9.*2.0e1;
    t125 = a24.*t8.*t12.*t15.*6.0e1;
    t126 = a24.*t3.*t7.*t16.*6.0e1;
    t127 = a44.*t3.*t7.*t16.*6.0e1;
    t128 = a44.*t2.*t3.*t5.*2.0e1;
    t129 = a04.*t7.*t8.*t9.*1.0e1;
    t130 = a24.*t7.*t8.*t9.*1.0e1;
    t131 = a24.*t8.*t12.*t15.*1.5e1;
    t132 = a24.*t2.*t8.*t12.*3.0e1;
    t133 = a24.*t3.*t7.*t16.*3.0e1;
    t134 = a44.*t3.*t7.*t16.*3.0e1;
    t144 = a34.*t2.*t3.*t5.*1.0e1;
    t145 = a54.*t2.*t3.*t5.*1.0e1;
    t146 = a14.*t7.*t8.*t9.*2.0e1;
    t147 = a14.*t2.*t8.*t12.*3.0e1;
    t148 = a34.*t3.*t7.*t16.*6.0e1;
    t135 = t128+t129+t130+t131+t132+t133+t134-t144-t145-t146-t147-t148-a34.*t8.*t12.*t15.*1.5e1;
    t136 = dq32.*t135;
    t138 = a34.*t2.*t3.*t5.*2.0e1;
    t139 = a54.*t2.*t3.*t5.*2.0e1;
    t140 = a14.*t7.*t8.*t9.*4.0e1;
    t141 = a34.*t8.*t12.*t15.*3.0e1;
    t142 = a14.*t2.*t8.*t12.*6.0e1;
    t143 = a34.*t3.*t7.*t16.*1.2e2;
    t137 = dq1.*(t122+t123+t124+t125+t126+t127-t138-t139-t140-t141-t142-t143);
    t149 = t128+t129+t130+t131+t132+t133+t134-t144-t145-t146-t147-t148-a34.*t2.*t8.*t12.*3.0e1;
    t150 = a44.*t5.*t46.*5.0;
    t151 = a04.*t10.*t47.*5.0;
    t152 = a24.*t7.*t8.*t9.*t15.*1.0e1;
    t153 = a24.*t3.*t8.*t12.*3.0e1;
    t154 = a44.*t2.*t3.*t7.*t16.*2.0e1;
    t155 = t150+t151+t152+t153+t154-a14.*t10.*t47.*5.0-a54.*t5.*t46.*5.0-a34.*t3.*t8.*t12.*3.0e1-a14.*t2.*t7.*t8.*t9.*2.0e1-a34.*t2.*t3.*t7.*t16.*2.0e1;
